 LSDC RESULTS FOR Satellite    7734 sensor # 932     KAENA_POINT           

 Lat   21.572070 Lon  201.733260 Alt  300.459650m
 Sensor Biases:  Rho  80.00000 m Az  0.008100 ø El  0.004500 ø
 Sensor Noises:  Rho  92.50000 m Az  0.022400 ø El  0.013900 ø

 r and v from initial data 

       rx         ry         rz          vx         vy         vz      Coplnr     angle btwn
R1  0.0000000 ?.?<000000000000000E+1388  0.00000002449746.6101504630

 Move r2, v2 vectors to EPOCH time 
  9322449746.610150462960  0.9182700  5  0.0000000~  0.000000  0.000000
  9322449746.610289351850  0.9181385  5  0.0000000~  0.000000  0.000000
  9322449746.610439814810  0.9179953  5  0.0000000~  0.000000  0.000000
  9322449746.610578703700  0.9178623  5  0.0000000~  0.000000  0.000000
  9322449746.610717592590  0.9177287  5  0.0000000~  0.000000  0.000000
  9322449746.610856481480  0.9175943  5  0.0000000~  0.000000  0.000000
  9322449746.610995370370  0.9174592  5  0.0000000~  0.000000  0.000000
  9322449746.611145833330  0.9173121  5  0.0000000~  0.000000  0.000000
  9322449746.611284722220  0.9171755  5  0.0000000~  0.000000  0.000000
  9322449746.611423611110  0.9170383  5  0.0000000~  0.000000  0.000000
  9322449746.611562500000  0.9169004  5  0.0000000~  0.000000  0.000000

 AtWA Matrix 
  6.40719E+0012 -6.01082E+0011 -1.98387E+0011  5.11937E+0011 -7.88749E+0010 -2.45198E+0010
 -6.01082E+0011  1.00549E+0012 -1.88398E+0012 -7.69865E+0010  7.38122E+0010 -1.43490E+0011
 -1.98387E+0011 -1.88398E+0012  4.42060E+0012 -2.13528E+0010 -1.45349E+0011  3.97832E+0011
  5.11937E+0011 -7.69865E+0010 -2.13528E+0010  5.55256E+0010 -1.00724E+0010 -2.82691E+0009
 -7.88749E+0010  7.38122E+0010 -1.45349E+0011 -1.00724E+0010  7.85793E+0009 -1.52854E+0010
 -2.45198E+0010 -1.43490E+0011  3.97832E+0011 -2.82691E+0009 -1.52854E+0010  4.55928E+0010

 AtWB Matrix 
 100075060.791218581
 -75322485.048893559
 145970126.496805413
 10390473.551972746
 -7634196.299861809
 14534128.237911194

 A Matrix 
 -4.18499E+0000  1.09845E+0000 -3.18888E-0002 -6.36795E-0001  1.72809E-0001 -1.57411E-0003
 -2.74425E-0001 -9.98768E-0001  4.03635E+0000 -4.17985E-0002 -1.55527E-0001  6.16629E-0001
  6.16629E-0001  6.16629E-0001  6.16629E-0001  6.16629E-0001  6.16629E-0001  6.16629E-0001

 B Matrix 
  -0.000061401
   0.000131088
   0.000131088
   0.000131088
   0.000131088
   0.000131088
Perturb Delta % 0.0100 Epsilon for convergence 0.0100

 AtWAI - COVARIANCE Matrix 
  5.46470E-0011 -9.97399E-0010 -6.47606E-0010 -1.84112E-0009  8.62064E-0010  2.71610E-0009
 -9.97399E-0010  1.84915E-0008  1.20000E-0008  3.38778E-0008 -1.65409E-0008 -5.04943E-0008
 -6.47606E-0010  1.20000E-0008  7.78893E-0009  2.19963E-0008 -1.06924E-0008 -3.27672E-0008
 -1.84112E-0009  3.38778E-0008  2.19963E-0008  6.24066E-0008 -2.93238E-0008 -9.22666E-0008
  8.62064E-0010 -1.65409E-0008 -1.06924E-0008 -2.93238E-0008  1.83372E-0008  4.60354E-0008
  2.71610E-0009 -5.04943E-0008 -3.27672E-0008 -9.22666E-0008  4.60354E-0008  1.38199E-0007

Corrections    -1.70865E-0004  3.39535E-0003  2.20924E-0003  6.07998E-0003 -4.19755E-0003 -9.39483E-0003
Loop  0 Nominal  0.90224199  0.42261163  0.54152387  0.55112805 -0.24775278 -0.73529878
Loop  0 Nominal5754.622413712695.474582853453.91305426  4.35686899 -1.95857644 -5.81280610
SigmaOld   100.000000 SigmaNew    73.476741
 ---------------------------------------------------- 


 AtWA Matrix 
  6.25005E+0012 -5.86798E+0011 -1.93458E+0011  4.99384E+0011 -7.69714E+0010 -2.39161E+0010
 -5.86798E+0011  9.81264E+0011 -1.83817E+0012 -7.51233E+0010  7.20484E+0010 -1.40011E+0011
 -1.93458E+0011 -1.83817E+0012  4.31204E+0012 -2.08615E+0010 -1.41823E+0011  3.88044E+0011
  4.99384E+0011 -7.51233E+0010 -2.08615E+0010  5.41612E+0010 -9.82767E+0009 -2.76045E+0009
 -7.69714E+0010  7.20484E+0010 -1.41823E+0011 -9.82767E+0009  7.67055E+0009 -1.49148E+0010
 -2.39161E+0010 -1.40011E+0011  3.88044E+0011 -2.76045E+0009 -1.49148E+0010  4.44681E+0010

 AtWB Matrix 
 44283099.369372529
 -15255564.683092273
 12473732.301564764
 5492494.486339011
 -1476282.928892355
 672967.034665892

 A Matrix 
 -4.13342E+0000  1.08564E+0000 -3.12869E-0002 -6.28900E-0001  1.70768E-0001 -1.54464E-0003
 -2.71321E-0001 -9.87154E-0001  3.98651E+0000 -4.13388E-0002 -1.53704E-0001  6.08974E-0001
  6.08974E-0001  6.08974E-0001  6.08974E-0001  6.08974E-0001  6.08974E-0001  6.08974E-0001

 B Matrix 
   0.000073520
  -0.000049450
  -0.000049450
  -0.000049450
  -0.000049450
  -0.000049450
Perturb Delta % 0.0100 Epsilon for convergence 0.0100

 AtWAI - COVARIANCE Matrix 
  5.75098E-0011 -1.05093E-0009 -6.82337E-0010 -1.93906E-0009  9.13754E-0010  2.86241E-0009
 -1.05093E-0009  1.94998E-0008  1.26541E-0008  3.57161E-0008 -1.75276E-0008 -5.32539E-0008
 -6.82337E-0010  1.26541E-0008  8.21322E-0009  2.31890E-0008 -1.13315E-0008 -3.45572E-0008
 -1.93906E-0009  3.57161E-0008  2.31890E-0008  6.57667E-0008 -3.10988E-0008 -9.72915E-0008
  9.13754E-0010 -1.75276E-0008 -1.13315E-0008 -3.10988E-0008  1.93837E-0008  4.87579E-0008
  2.86241E-0009 -5.32539E-0008 -3.45572E-0008 -9.72915E-0008  4.87579E-0008  1.45760E-0007

Corrections    -4.97820E-0006  3.28384E-0005  2.71697E-0005  1.77448E-0004 -1.02031E-0004 -1.44448E-0004
Loop  1 Nominal  0.90223702  0.42264447  0.54155104  0.55130549 -0.24785481 -0.73544323
Loop  1 Nominal5754.590662062695.684030343454.08634655  4.35827178 -1.95938303 -5.81394802
SigmaOld    73.476741 SigmaNew    68.060845
 ---------------------------------------------------- 


 AtWA Matrix 
  6.24866E+0012 -5.86836E+0011 -1.93469E+0011  4.99274E+0011 -7.69753E+0010 -2.39174E+0010
 -5.86836E+0011  9.81149E+0011 -1.83778E+0012 -7.51273E+0010  7.20439E+0010 -1.39983E+0011
 -1.93469E+0011 -1.83778E+0012  4.31107E+0012 -2.08638E+0010 -1.41794E+0011  3.87962E+0011
  4.99274E+0011 -7.51273E+0010 -2.08638E+0010  5.41492E+0010 -9.82816E+0009 -2.76068E+0009
 -7.69753E+0010  7.20439E+0010 -1.41794E+0011 -9.82816E+0009  7.67032E+0009 -1.49118E+0010
 -2.39174E+0010 -1.39983E+0011  3.87962E+0011 -2.76068E+0009 -1.49118E+0010  4.44590E+0010

 AtWB Matrix 
 497006.584269776
 -105336.178518000
 -14480.824953441
 61355.894634858
 -10968.946620618
 -7047.958882955

 A Matrix 
 -4.13293E+0000  1.08583E+0000 -3.12800E-0002 -6.28825E-0001  1.70797E-0001 -1.54429E-0003
 -2.71364E-0001 -9.87032E-0001  3.98613E+0000 -4.13458E-0002 -1.53685E-0001  6.08915E-0001
  6.08915E-0001  6.08915E-0001  6.08915E-0001  6.08915E-0001  6.08915E-0001  6.08915E-0001

 B Matrix 
   0.000146160
  -0.000047251
  -0.000047251
  -0.000047251
  -0.000047251
  -0.000047251
Perturb Delta % 0.0100 Epsilon for convergence 0.0100

 AtWAI - COVARIANCE Matrix 
  5.75727E-0011 -1.05185E-0009 -6.82960E-0010 -1.94122E-0009  9.14862E-0010  2.86514E-0009
 -1.05185E-0009  1.95126E-0008  1.26628E-0008  3.57481E-0008 -1.75443E-0008 -5.32927E-0008
 -6.82960E-0010  1.26628E-0008  8.21915E-0009  2.32106E-0008 -1.13427E-0008 -3.45835E-0008
 -1.94122E-0009  3.57481E-0008  2.32106E-0008  6.58411E-0008 -3.11370E-0008 -9.73860E-0008
  9.14862E-0010 -1.75443E-0008 -1.13427E-0008 -3.11370E-0008  1.94028E-0008  4.88068E-0008
  2.86514E-0009 -5.32927E-0008 -3.45835E-0008 -9.73860E-0008  4.88068E-0008  1.45876E-0007

Corrections    -3.16382E-0008 -1.20966E-0007 -3.65885E-0008  1.18337E-0006 -2.57631E-0007 -2.50066E-0007
Loop  2 Nominal  0.90223698  0.42264435  0.54155100  0.55130668 -0.24785507 -0.73544348
Loop  2 Nominal5754.590460272695.683258803454.08611318  4.35828114 -1.95938507 -5.81394999
SigmaOld    68.060845 SigmaNew    67.584960
 ---------------------------------------------------- 


 a        1.16627195 ER 7438.64230362
 e        0.02816401
 i      115.02395667 ø
 ê      190.40147257 ø
 w      159.15582774 ø
 v      349.03891270 ø
 M      349.64007015 ø
